kf                 =    -0.002546292327 ;
kd                 =     0.002717042008 ;
