kf                 =    -0.001999993586 ;
kd                 =     0.003599993543 ;
